5
20
-0.0496574	0.0136837	0.0537866
0	0	0
-19.4439	14.7808	24.8853
-0.069654	-0.0216716	0.0246295
0.289059	0	-0.203603
2.07186	0	2.8646
-0.0853711	-0.0704981	0.0315192
0.0313468	0.0757881	-0.176728
6.73668	1.4109	6.30163
-0.0912326	-0.121189	0.0388323
-0.139839	0.0718126	-0.293973
5.43843	3.84245	7.41077
-0.0918861	-0.171715	0.0484274
-0.208161	0.0454847	-0.394224
-1.65392	4.1677	4.13938
-0.0907416	-0.221808	0.0595353
-0.198499	0.0256774	-0.440536
-1.44496	4.58844	-0.252907
-0.0887283	-0.271657	0.0710681
-0.243256	0.0146846	-0.422066
3.84133	4.37933	-4.43772
-0.0848474	-0.321475	0.081704
-0.333178	0.00865688	-0.343866
3.59474	4.70263	-6.77919
-0.0791222	-0.37137	0.0903813
-0.392389	0.00262851	-0.236515
1.36262	3.6695	-6.96967
-0.0723343	-0.421376	0.0965736
-0.406428	-0.00197098	-0.131294
-0.688232	3.62028	-6.07972
-0.065327	-0.471487	0.100188
-0.384837	-0.00866474	-0.0465231
-1.84823	2.42422	-4.70684
-0.0587661	-0.521659	0.101247
-0.34807	-0.0136283	0.0156004
-2.1156	0.899749	-3.62921
-0.0529492	-0.571802	0.0995435
-0.315721	-0.0175006	0.0659712
-1.83395	0.674909	-2.91809
-0.0479877	-0.621712	0.094455
-0.28608	-0.0221362	0.117001
-1.09239	-3.59284	-3.02483
-0.0444762	-0.671052	0.0851669
-0.230927	-0.016269	0.17159
-1.33386	-5.95973	-3.41911
-0.0440367	-0.719416	0.0714106
-0.113498	-0.00692444	0.211225
-2.38963	-3.0246	-1.56697
-0.0491381	-0.766343	0.0541774
0.0738958	-0.0150777	0.208097
-2.58943	-0.853705	1.66642
-0.0619023	-0.811069	0.0353098
0.274838	-0.056024	0.178205
-1.74297	-0.98557	4.27342
-0.0811091	-0.853532	0.0168701
0.373816	-0.10236	0.188154
0.0178123	-2.33074	5.57675
-0.102615	-0.897746	0.00747721
0.347998	-0.103674	0.259646
3.17537	-2.96901	2.45087
20
0.0686964	-0.0108562	0.0653775
0	0	0
14.5256	-8.45349	12.1492
0.0350519	-0.0462115	0.0762425
-0.172392	0	-0.501472
7.47144	0	-2.72512
0.046453	-0.0932093	0.0941696
-0.22557	0.0361326	-0.393625
0.391746	-3.58906	-7.69184
0.0545872	-0.142662	0.105918
-0.169692	0.095121	-0.213161
-3.59273	-3.27402	-10.0559
0.060741	-0.193127	0.11341
-0.181021	0.118185	-0.0952873
1.51613	-3.74327	-5.67981
0.0668686	-0.243837	0.118404
-0.243511	0.12759	-0.014198
1.74621	-0.049458	-4.77136
0.0734117	-0.294579	0.121614
-0.284531	0.126926	0.0565443
1.32069	-6.50039	-2.903
0.0802649	-0.345266	0.123804
-0.318609	0.136547	0.08653
-1.17032	9.6845	-1.87982
0.0875776	-0.395864	0.125563
-0.339334	0.0953829	0.115861
-3.5307	21.047	-2.66054
0.095172	-0.446243	0.126387
-0.346904	0.0339636	0.160441
-2.06	7.26536	-2.50651
0.102743	-0.496371	0.125803
-0.34486	0.0191352	0.208658
-1.90113	2.24321	-2.33504
0.109737	-0.546376	0.123472
-0.320173	0.0273985	0.256756
-2.63975	3.9049	-1.88003
0.115301	-0.596306	0.118968
-0.261743	0.0324358	0.302297
-2.67907	3.8619	-1.29446
0.118335	-0.646067	0.111887
-0.167173	0.0253338	0.330363
-2.10991	0.213913	-1.07208
0.117525	-0.695424	0.10237
-0.039644	0.0156508	0.314725
-1.58539	-1.147	-0.450026
0.11132	-0.744052	0.0915239
0.112131	0.00125869	0.230661
-1.23552	-3.12074	0.00530286
0.098246	-0.791432	0.0814331
0.256037	-0.029293	0.0690444
-2.55116	-7.62067	0.107956
0.0780163	-0.836923	0.0750469
0.335207	-0.0765928	-0.148756
-4.01412	-10.2606	1.96655
0.0530533	-0.880458	0.0758025
0.322893	-0.111163	-0.360204
0.328341	-8.47144	4.18466
0.0319095	-0.924838	0.0854993
0.259965	-0.114033	-0.491298
6.32435	1.25391	0.420111
20
-0.0252579	0.0177213	-0.04757
0	0	0
-22.7984	4.73836	-22.1207
-0.0177173	-0.017634	-0.0130281
-0.172427	0	0.0387698
-0.198781	0	-0.861883
-0.0230693	-0.0637234	-0.0368684
-0.1181	0.0539205	-0.0710909
12.0893	0.668971	1.56259
-0.0225332	-0.114406	-0.0470536
-0.358072	0.0614645	-0.0930719
11.6984	5.0854	-2.1421
-0.0175588	-0.165541	-0.0510482
-0.400744	0.0591486	-0.0458586
-0.519491	6.37111	-4.3939
-0.0120038	-0.216608	-0.0529506
-0.303223	0.0649478	0.00319202
-4.81466	5.33223	-3.38903
-0.00740546	-0.267654	-0.0543924
-0.172528	0.069073	0.0410331
-4.96712	5.86247	-1.72353
-0.0041645	-0.318665	-0.05623
-0.0332785	0.063994	0.114847
-4.95449	4.51558	-3.31249
-0.00270012	-0.369533	-0.059862
0.107808	0.0518901	0.223505
-4.76096	5.83602	-3.61159
-0.00319463	-0.420119	-0.0655146
0.229572	0.0272471	0.308566
-3.82793	5.24256	-1.58269
-0.0055187	-0.470372	-0.0724141
0.310183	0.00823592	0.340734
-3.03242	-2.99777	-0.509905
-0.00926021	-0.520391	-0.0796029
0.341753	0.0177544	0.3309
-2.01282	-4.49581	0.672085
-0.0139945	-0.570342	-0.0863287
0.333163	0.0356257	0.28602
-1.04971	-1.21323	2.0478
-0.0197602	-0.620285	-0.0918207
0.30883	0.0492131	0.204739
-1.24485	-1.05914	2.89857
-0.0273311	-0.670104	-0.0950955
0.29189	0.0618204	0.0911899
-2.10043	-2.02458	3.47482
-0.0378887	-0.719411	-0.0953063
0.283969	0.0709007	-0.0326967
-2.3879	-1.71735	3.14899
-0.0522383	-0.767609	-0.0926513
0.264432	0.0799143	-0.131127
-1.1899	-0.859705	1.09453
-0.0697712	-0.814623	-0.0892256
0.198602	0.108469	-0.181835
1.8793	-0.130684	-1.52222
-0.0864938	-0.861974	-0.0887986
0.0343034	0.170218	-0.187285
5.7243	1.00162	-1.22727
-0.0927524	-0.911696	-0.0891107
-0.213673	0.202147	-0.247414
7.15775	3.48545	-1.432
20
0.064906	0.0214797	-0.0728622
0	0	0
6.34327	-7.14773	-5.60067
0.0851448	-0.0138757	-0.0438727
-0.144276	0	0.102071
-0.513792	0	-0.718236
0.0894017	-0.0650353	-0.046212
-0.175737	0.00646401	0.11983
1.28204	1.01867	-2.81552
0.0943912	-0.115977	-0.0497696
-0.235718	0.00262122	0.188537
1.54565	1.56341	-4.3201
0.100016	-0.166635	-0.0549456
-0.258731	-0.00434745	0.248159
-0.720497	0.306555	-2.82622
0.105521	-0.217095	-0.0613494
-0.240839	-0.0102138	0.281939
-2.08789	-1.3017	-1.59088
0.110401	-0.267432	-0.068658
-0.203634	-0.0162726	0.303018
-2.6077	-3.2127	-0.997663
0.114329	-0.317688	-0.0766504
-0.15496	-0.0196974	0.319291
-3.25017	-3.29562	-0.235797
0.116916	-0.367894	-0.0850848
-0.0931227	-0.0204216	0.334359
-4.0993	-3.888	0.416932
0.11763	-0.418067	-0.0936573
-0.0175136	-0.014873	0.34829
-4.85006	-1.93724	1.57243
0.115975	-0.468198	-0.101907
0.0617028	-0.00867224	0.350953
-4.71739	-1.82579	2.45517
0.111811	-0.518239	-0.10924
0.126162	0.00647333	0.334151
-4.07962	-4.88528	2.48642
0.105406	-0.568138	-0.115308
0.16679	0.0366948	0.302523
-2.67754	-3.62795	2.10963
0.0972225	-0.617835	-0.120443
0.184642	0.0666609	0.271363
-0.794916	-0.600282	0.774079
0.0878359	-0.66725	-0.125685
0.180498	0.0910287	0.252936
0.828641	0.471538	-0.916096
0.0780802	-0.71636	-0.132237
0.149097	0.117703	0.231596
2.18096	0.62355	-1.60545
0.0690453	-0.7653	-0.140298
0.0886403	0.15697	0.149023
3.07652	0.464234	-0.439558
0.0615768	-0.814534	-0.147632
0.0200985	0.210735	-0.0760741
3.1478	0.931805	2.42072
0.0554366	-0.86439	-0.148457
-0.0213025	0.225744	-0.480837
2.33131	4.12181	5.23169
0.0506181	-0.91258	-0.135562
-0.0600631	0.129228	-0.854936
2.24314	6.65311	3.83958
20
0.0240631	-0.00966598	0.00444731
0	0	0
44.6942	7.9313	21.3221
-0.0078576	-0.0450213	0.0196483
-0.0769824	0	-0.159086
0.792146	0	-0.389814
-0.00404036	-0.0960719	0.0285503
-0.0547673	-0.0180142	-0.201667
6.20009	-4.60715	3.94142
-0.0016165	-0.147226	0.0349072
-0.0983367	-0.00413482	-0.144907
5.94682	-10.9796	-2.24783
0.000981407	-0.198536	0.0389363
-0.235749	0.0142703	-0.0376038
14.8779	-0.879097	-4.62246
0.00679214	-0.249683	0.0409783
-0.43548	-0.0104486	0.0600212
7.15354	0.219296	-3.92632
0.0146875	-0.300505	0.0419423
-0.481053	-0.0202034	0.137951
-1.7051	-0.380586	-4.23058
0.0223653	-0.351288	0.0419591
-0.441937	-0.0179641	0.204931
-4.02392	0.845931	-3.31679
0.0292739	-0.402081	0.0410827
-0.422681	-0.0189352	0.230371
-1.46575	-2.85053	-1.63268
0.0359678	-0.452799	0.0396998
-0.428937	-0.00956722	0.23541
-0.652103	-3.78706	-1.91013
0.0424925	-0.503459	0.0375301
-0.419549	0.00115802	0.252785
-1.81777	-0.553418	-3.20846
0.0484857	-0.55405	0.0338972
-0.380101	0.00227192	0.290085
-2.83416	1.51678	-4.20997
0.0534944	-0.604464	0.0281261
-0.309541	-0.00150731	0.338967
-3.90897	2.88122	-4.19124
0.0567799	-0.654564	0.0198322
-0.200113	-0.0073651	0.382057
-5.24938	3.88181	-2.82597
0.057211	-0.704223	0.00923922
-0.0534713	-0.0149496	0.392469
-5.98589	4.23643	-0.304142
0.0536127	-0.753371	-0.00251924
0.110292	-0.0204158	0.338958
-5.33848	4.0848	2.66227
0.0452013	-0.802018	-0.0133579
0.266296	-0.0217778	0.201101
-3.07662	4.49393	5.16984
0.0318983	-0.850137	-0.020438
0.392726	-0.0295773	-0.0211094
0.535474	5.80248	6.13403
0.0139579	-0.897113	-0.0199592
0.49021	-0.0767476	-0.305186
3.91294	6.79782	4.42375
-0.00661506	-0.941577	-0.00929315
0.522587	-0.148638	-0.522301
5.64884	5.76755	0.974021
