5
20
-0.0496574	0.0136837	0.0537866
0	0	0
-9.66211	-7.70473	6.29297
-0.0317771	-0.0216716	0.0842873
-0.151902	0	0.0903308
-0.455678	0	-0.755787
-0.0341542	-0.0730404	0.0822781
-0.125021	0.00217665	0.0714364
1.07411	-1.61651	-2.11177
-0.0362706	-0.124311	0.0793256
-0.127606	0.00106748	0.111291
0.554345	-2.69637	-4.07841
-0.0386406	-0.175417	0.0749801
-0.0667394	-0.00703139	0.162184
-4.17284	-2.05367	-2.90722
-0.0428448	-0.226253	0.0696523
0.0763808	-0.0236775	0.182592
-7.03805	1.00947	0.0391096
-0.0498574	-0.276675	0.0641471
0.239874	-0.0483853	0.171226
-5.27711	4.73109	2.15001
-0.0594117	-0.326584	0.0588847
0.36891	-0.07422	0.166698
-1.65754	6.88751	1.72087
-0.0706163	-0.375978	0.0533873
0.445514	-0.0949884	0.209719
1.41953	6.44746	-0.032168
-0.0822414	-0.424996	0.0467798
0.455083	-0.104544	0.292431
3.4083	3.83234	-0.474525
-0.0927717	-0.473975	0.0390394
0.409236	-0.0991837	0.348615
3.49169	0.476667	1.21776
-0.101606	-0.523269	0.031756
0.345751	-0.0827705	0.333181
3.29351	-2.16965	3.20532
-0.108668	-0.573091	0.0270483
0.269939	-0.0640271	0.251472
3.19232	-3.02827	4.91434
-0.113506	-0.623337	0.0268918
0.183768	-0.0565956	0.122959
3.13977	-2.33718	5.76291
-0.115373	-0.67335	0.0329701
0.0774831	-0.072414	-0.0241966
3.2213	-1.25182	5.37076
-0.11313	-0.721878	0.0462065
-0.0509433	-0.115297	-0.151846
3.0056	-0.643678	3.66995
-0.105942	-0.767551	0.0659822
-0.181718	-0.166759	-0.219088
1.99689	-0.823618	0.913394
-0.0938034	-0.810064	0.0898103
-0.295619	-0.192789	-0.205187
0.500231	-1.68825	-2.1859
-0.077094	-0.851053	0.113398
-0.383488	-0.176085	-0.113267
-1.2613	-2.45086	-4.91519
-0.0592965	-0.895348	0.128532
-0.40234	-0.13456	0.0294766
-2.88484	-1.92105	-5.7925
20
0.0686964	-0.0108562	0.0653775
0	0	0
16.8992	-4.49223	36.1877
0.104021	-0.0462115	0.0639089
0.00844002	0	0.176531
-0.884533	0	0.0476837
0.103706	-0.0973781	0.0635986
0.0564791	-0.00665755	0.192118
-0.87369	-3.20036	-1.92296
0.102243	-0.148411	0.0612986
0.115762	-0.0139608	0.246039
-3.03844	-4.85364	-5.25549
0.0993037	-0.1992	0.0569551
0.199675	-0.0209943	0.276402
-4.14463	-5.32729	-2.96297
0.0946542	-0.249746	0.0517665
0.284007	-0.0228934	0.236744
-3.11438	-5.68117	0.857879
0.0888723	-0.300199	0.0472286
0.331992	-0.0154276	0.132999
0.527019	-5.20586	4.68042
0.0833542	-0.350779	0.0447331
0.318429	-0.00211399	-0.0211308
3.44846	-4.43606	6.70295
0.0792588	-0.401499	0.0451557
0.283768	0.00585517	-0.178099
3.62849	-3.2057	6.51879
0.0767027	-0.452145	0.0486222
0.258785	0.00561381	-0.311412
2.32573	-2.31559	5.57445
0.075038	-0.502486	0.0549571
0.26362	0.0021737	-0.411997
0.203517	-2.50683	4.36877
0.0731834	-0.552384	0.0637765
0.302181	0.00108763	-0.474724
-1.32295	-1.34252	2.59856
0.0704707	-0.601823	0.074428
0.343109	0.004676	-0.491801
-1.23663	-3.44836	1.30637
0.0674192	-0.650967	0.0859999
0.339471	0.029557	-0.458677
0.560827	-5.81123	0.182355
0.0656755	-0.700134	0.0975311
0.261421	0.0736628	-0.376383
3.16444	-2.47652	-1.86164
0.0674386	-0.749417	0.108359
0.106529	0.104676	-0.259641
4.16941	3.05585	-3.25278
0.0747794	-0.7983	0.118258
-0.0891167	0.0982228	-0.124984
2.5588	5.2392	-3.40379
0.0888045	-0.845863	0.126739
-0.266611	0.0602542	0.0284102
0.314454	3.08257	-2.99249
0.109023	-0.891506	0.132033
-0.375054	0.0184826	0.203196
-1.65032	0.451772	-2.92347
0.129323	-0.937254	0.129721
-0.358597	0.00798082	0.365459
-4.20031	-0.66321	-2.97388
20
-0.0252579	0.0177213	-0.04757
0	0	0
-19.4111	-1.51519	-16.4312
-0.052824	-0.017634	-0.0697084
0.109802	0	-0.138482
0.696182	0	0.545979
-0.0550639	-0.0697149	-0.0708947
0.136061	-0.0035056	-0.106976
-0.768474	-0.299296	1.01839
-0.0576072	-0.121709	-0.071734
0.194118	-0.00708454	-0.148297
-4.36848	-0.265375	8.18252
-0.0611732	-0.173564	-0.0707857
0.272898	-0.0171685	-0.264292
-4.15637	0.400656	7.33209
-0.0657089	-0.225226	-0.0684713
0.3219	-0.0273862	-0.283025
-1.84485	0.452806	-3.05172
-0.0707241	-0.276795	-0.0670665
0.329517	-0.0318238	-0.169872
2.4336	1.98823	-9.00432
-0.0751901	-0.328316	-0.067908
0.269763	-0.0324445	-0.0194981
4.32347	5.87936	-10.1965
-0.0779812	-0.379717	-0.0711766
0.168155	-0.0344067	0.13589
5.93395	8.20072	-9.07814
-0.0781842	-0.430842	-0.0766976
0.0143591	-0.0382497	0.263768
9.78478	7.56541	-4.18194
-0.0747638	-0.481558	-0.0834115
-0.203279	-0.03958	0.272415
11.4972	5.42242	3.09597
-0.0671729	-0.531823	-0.0890777
-0.382296	-0.0373583	0.156117
7.84956	4.01588	7.76087
-0.0564143	-0.581655	-0.0918618
-0.453931	-0.0325696	-0.0331646
2.60957	3.14715	9.01401
-0.0440348	-0.631079	-0.0909904
-0.437375	-0.0250308	-0.232359
-1.32605	3.29773	7.29481
-0.0311182	-0.68007	-0.0868572
-0.392379	-0.0112616	-0.386035
-2.80975	4.54092	4.05152
-0.0178229	-0.728634	-0.0808836
-0.358542	0.013598	-0.430112
-2.21963	4.10688	0.497283
-0.0040801	-0.777037	-0.0756629
-0.30174	0.0653696	-0.294325
-3.33359	3.94835	-4.5221
0.00835196	-0.825949	-0.0753109
-0.127726	0.125724	0.00631074
-6.67872	7.34616	-6.39741
0.0159144	-0.875217	-0.0822838
0.157242	0.132158	0.300675
-7.00071	10.46	-2.42708
0.0141657	-0.924016	-0.0937796
0.441892	0.097446	0.408649
-4.88547	11.0529	2.69118
20
0.064906	0.0214797	-0.0728622
0	0	0
13.3671	-0.25712	-15.5385
0.0498898	-0.0138757	-0.10487
0.159529	0	-0.0760615
0.386238	0	0.793934
0.0488605	-0.0643351	-0.114373
0.201934	-0.0484551	0.133298
-3.63366	-0.0885078	3.09219
0.0476198	-0.114979	-0.12228
0.0666421	-0.0463707	0.0951211
9.00404	-0.579305	11.1901
0.0498507	-0.166003	-0.125883
-0.167286	-0.0568238	-0.12351
8.62253	-0.764222	14.6175
0.0547346	-0.216864	-0.124131
-0.268285	-0.0898698	-0.350777
0.635255	-0.858748	10.6008
0.0593965	-0.267435	-0.118592
-0.227775	-0.127097	-0.469318
-4.38451	3.51946	3.86123
0.0623226	-0.317846	-0.111227
-0.145321	-0.17639	-0.49962
-3.74139	0.765465	1.28616
0.0636985	-0.368031	-0.102728
-0.0784792	-0.214429	-0.509009
-2.11954	-0.431055	1.123
0.0640095	-0.417889	-0.0929752
-0.0189842	-0.238199	-0.520676
-1.28695	1.17927	0.280935
0.0634141	-0.467407	-0.082109
0.049225	-0.255024	-0.524118
-0.834746	0.986343	-0.865449
0.0622477	-0.516733	-0.070873
0.0957458	-0.258407	-0.485079
2.61294	-0.382355	-4.51641
0.0627268	-0.566391	-0.0616526
0.030704	-0.238844	-0.331593
6.93068	-0.921312	-8.48396
0.067931	-0.616378	-0.0576535
-0.10349	-0.241611	-0.0989978
3.83585	-0.717728	-5.77476
0.0771128	-0.665848	-0.0592309
-0.147546	-0.261039	0.0849858
1.03199	-1.94836	-3.22608
0.0878547	-0.714598	-0.0652237
-0.118333	-0.277508	0.231242
-0.32911	-3.44298	-1.81178
0.0991306	-0.762563	-0.0749835
-0.056033	-0.29298	0.351909
-0.858118	-4.38211	-1.0901
0.109855	-0.809717	-0.0884068
0.0304963	-0.308172	0.453899
-1.87824	-3.9478	-0.297827
0.116543	-0.856284	-0.105744
0.148566	-0.327512	0.534107
-2.62169	-2.92139	0.848626
0.11573	-0.901951	-0.126267
0.247859	-0.351723	0.574747
-1.96508	-1.94986	2.05251
20
0.0240631	-0.00966598	0.00444731
0	0	0
8.63274	-21.9697	1.96571
0.0557282	-0.0450213	-0.011279
0.161213	0	0.314672
-3.12805	0	1.65164
0.0505365	-0.0958544	-0.0167638
0.270097	-0.00994631	0.224122
-5.01091	-2.30803	6.32358
0.0441173	-0.146683	-0.0193601
0.376545	-0.0132045	0.0809793
-6.76255	-4.62424	6.16229
0.0354092	-0.197174	-0.0201491
0.500052	-0.0239497	0.00880114
-3.9188	1.8626	2.72425
0.025167	-0.247329	-0.0201038
0.543018	-0.0390611	-0.0314964
2.47892	5.11035	1.66696
0.0152278	-0.297427	-0.0194539
0.507667	-0.0440525	-0.0575785
4.04705	3.80152	0.297128
0.00641902	-0.34758	-0.0184384
0.449599	-0.0333297	-0.0739795
6.87637	2.41012	1.93739
-0.000635712	-0.397848	-0.016528
0.338084	-0.0105929	-0.148586
8.38329	2.60193	4.90039
-0.00536406	-0.448151	-0.0124025
0.221082	-0.00292141	-0.260864
5.72982	1.85835	3.58294
-0.00779946	-0.498346	-0.00642584
0.152326	-0.00426603	-0.303605
2.40426	-1.39776	1.3237
-0.00804088	-0.548513	-0.000333814
0.148786	-0.00627416	-0.33287
-2.14944	-0.69857	2.97166
-0.0077582	-0.598496	0.00671127
0.203561	-0.0161041	-0.38626
-1.16248	-2.40065	1.68881
-0.0068788	-0.64826	0.0147156
0.170912	-0.0118052	-0.356535
0.801702	-2.78256	-0.0470081
-0.00343092	-0.697926	0.0222809
0.0726317	-0.00635736	-0.259747
1.2356	-0.148576	-1.74064
0.00390147	-0.747296	0.0284291
-0.0554376	-0.0175031	-0.135653
1.37944	-3.87827	-1.26131
0.016019	-0.795803	0.0329916
-0.200618	-0.0346469	-0.00337541
2.00242	-6.26973	-0.947288
0.0337232	-0.84268	0.0351369
-0.345139	-0.0663024	0.151402
0.766295	-3.38285	-1.50528
0.0566116	-0.887206	0.0327766
-0.439487	-0.115111	0.325798
-1.69791	-1.40636	-1.73208
0.0790469	-0.930976	0.0234304
-0.430408	-0.137104	0.461638
-3.81871	-1.83705	-1.37097
