5
20
-0.0496574	0.0136837	0.0537866
0	0	0
-1.14497	-0.420562	25.9854
-0.0279415	-0.0216716	0.0258864
0.281703	0	0.213663
-2.10166	0	2.84433
-0.0516734	-0.0649719	0.041238
0.465825	-0.0761579	0.270338
-2.42487	0.0758944	-5.13477
-0.0718396	-0.112249	0.0412867
0.404454	-0.0542638	0.281238
5.02529	-3.25879	3.50492
-0.0853426	-0.161678	0.0389704
0.27616	-0.0164497	0.189977
5.38967	-0.205656	4.71328
-0.0944246	-0.212029	0.0367569
0.173658	-0.00275801	0.0805389
4.44961	-2.51661	4.01147
-0.100875	-0.262718	0.035602
0.0771246	0.0170256	-0.0313318
3.85424	-16.0976	4.19438
-0.105381	-0.313585	0.0359743
-0.00954153	0.0634702	-0.147873
3.69719	-9.27848	5.25068
-0.108386	-0.364552	0.0382514
-0.0776525	0.08152	-0.273958
3.83549	-4.89193	5.87977
-0.109757	-0.415417	0.0427874
-0.155366	0.0831712	-0.404584
5.25531	-2.65928	5.7597
-0.108982	-0.465994	0.0496228
-0.247979	0.0704374	-0.514244
4.57632	9.05703	2.34596
-0.105754	-0.51614	0.0581322
-0.314659	0.0311767	-0.561073
1.16023	8.80306	-0.495612
-0.100444	-0.565867	0.0670774
-0.330339	0.0125321	-0.530296
-0.0516601	0.465834	-1.3002
-0.0934909	-0.615407	0.0750862
-0.340833	0.0276403	-0.423654
1.88245	-1.58779	-3.00865
-0.0846824	-0.664869	0.0809716
-0.34702	0.0489092	-0.257062
2.02189	-4.21805	-3.62764
-0.0742598	-0.71423	0.0840337
-0.314415	0.0680052	-0.0623518
1.61689	-6.59443	-4.06204
-0.0627646	-0.763442	0.0837158
-0.237038	0.0746001	0.142772
1.05061	-9.34469	-5.33339
-0.0513145	-0.812427	0.0791226
-0.108672	0.082927	0.34669
-3.40661	-6.0314	-6.30087
-0.0434894	-0.861294	0.0694698
0.103362	0.101076	0.527609
-10.6819	10.9749	0.298014
-0.0467928	-0.910042	0.0577541
0.374921	0.0863042	0.584134
-2.51921	25.0647	7.06072
20
0.0686964	-0.0108562	0.0653775
0	0	0
17.8011	-10.1954	18.5959
0.0579715	-0.0462115	0.0316881
0.168067	0	-0.0546619
0.27895	0	0.838637
0.0665714	-0.0945677	0.0466237
0.168119	-0.0515085	-0.218231
-9.22206	-0.737099	2.64305
0.0684801	-0.144025	0.0599081
0.271782	-0.0692783	-0.292913
-7.67525	-0.711869	0.739485
0.0658441	-0.193605	0.0722864
0.318269	-0.0885408	-0.34408
-1.81793	-0.253554	0.624149
0.0611837	-0.243136	0.0839391
0.267323	-0.0963335	-0.373604
3.35162	-0.938927	-0.226797
0.0565946	-0.292809	0.0945953
0.156563	-0.0874452	-0.369356
5.92383	-0.52075	-1.52803
0.0533647	-0.342747	0.103989
0.0186051	-0.0727512	-0.348369
6.54365	1.85634	-2.23991
0.0520911	-0.392898	0.112047
-0.120006	-0.061807	-0.322885
5.96596	4.41986	-2.06341
0.0530908	-0.443102	0.118942
-0.245833	-0.0560942	-0.295784
3.5586	6.63919	-3.09865
0.0560808	-0.493285	0.124246
-0.325233	-0.0512037	-0.232838
1.10132	7.72143	-3.67469
0.0605756	-0.543403	0.127362
-0.371787	-0.0527581	-0.159143
0.0786839	6.6873	-2.42934
0.0664694	-0.593346	0.128275
-0.393684	-0.0639054	-0.092518
-0.14549	3.09284	-0.95942
0.0738431	-0.64299	0.127119
-0.387087	-0.078861	-0.0281559
0.564688	-3.80914	-0.21661
0.0827336	-0.692217	0.123778
-0.343405	-0.0830266	0.0458559
1.19274	-7.81432	-0.321513
0.0928215	-0.740925	0.117774
-0.251595	-0.0747051	0.131307
1.29692	-9.16231	-0.979064
0.103044	-0.789034	0.108305
-0.102558	-0.0528289	0.212167
1.08466	-10.6316	-2.11491
0.111165	-0.836573	0.0948278
0.11243	-0.016594	0.262357
-0.521999	-8.95482	-1.74177
0.112697	-0.883684	0.0779375
0.394192	0.00309857	0.262584
-3.08415	-5.16981	0.561189
0.10178	-0.930036	0.0625547
0.624325	-0.0251447	0.19364
-3.60432	-3.22515	3.33021
20
-0.0252579	0.0177213	-0.04757
0	0	0
-57.0204	40.6965	-45.4692
-0.049293	-0.017634	-0.0216409
-0.262284	0	-0.237099
2.33769	0	-2.65241
-0.0633003	-0.0589598	-0.0489964
-0.483588	-0.0564152	-0.000477601
10.2546	-8.35881	7.54472
-0.0624173	-0.107762	-0.0645604
-0.543552	-0.0283134	-0.0318356
0.895021	12.9944	12.4408
-0.0547756	-0.157769	-0.072025
-0.497066	-0.0480066	-0.129287
-4.25963	-5.08587	3.57763
-0.0461864	-0.207898	-0.0747032
-0.429174	-0.0105767	-0.208486
-2.27716	-15.5177	3.7475
-0.0377309	-0.258085	-0.0733769
-0.368231	0.0398068	-0.286644
-4.80937	-1.9026	2.22548
-0.0301273	-0.308259	-0.0691471
-0.298814	0.055566	-0.320992
-4.47241	-0.564911	-1.18603
-0.0232961	-0.358331	-0.0634833
-0.269284	0.0659745	-0.298845
-2.14485	0.0706317	-3.90048
-0.0163674	-0.408303	-0.0577906
-0.284946	0.0731781	-0.225979
-0.7742	0.631529	-5.79113
-0.00914896	-0.458291	-0.0535455
-0.294041	0.0796259	-0.110116
-1.43024	0.338052	-6.36368
-0.00263541	-0.50844	-0.0519912
-0.254835	0.086103	0.0029324
-2.96977	-0.0234126	-4.2132
0.00160064	-0.558749	-0.0534772
-0.1619	0.0889372	0.0941579
-3.85403	0.335641	-3.3734
0.0022056	-0.608924	-0.0584351
-0.0390655	0.0799909	0.173697
-3.5421	-0.461108	-2.68311
-0.00138998	-0.658403	-0.0669649
0.0815378	0.0639372	0.223312
-2.26816	-0.0905832	-1.23812
-0.00889197	-0.706802	-0.0782456
0.178852	0.0511441	0.2238
-0.950376	-1.97419	-0.0130952
-0.0197841	-0.754219	-0.0905366
0.258838	0.05722	0.170171
-0.77353	-6.03124	0.424361
-0.0343366	-0.80093	-0.101417
0.345391	0.0761158	0.0692387
-0.389085	-5.68478	1.84486
-0.0534135	-0.846643	-0.108867
0.432159	0.0773109	-0.044165
1.04	-2.73713	2.63197
-0.0730152	-0.892509	-0.113072
0.444356	0.0855961	-0.112267
2.94758	-2.05351	2.11784
20
0.064906	0.0214797	-0.0728622
0	0	0
1.06936	-7.14805	-14.4839
0.0407281	-0.0138757	-0.0470662
-0.393631	0	-0.355315
5.21839	0	-6.00338
0.0577576	-0.0622231	-0.0547505
-0.198263	0.0674535	-0.350929
-1.6759	-3.15837	-8.02779
0.0661454	-0.113126	-0.0535393
-0.085917	0.0804723	-0.34368
0.614162	-6.69651	-2.25687
0.0696573	-0.164398	-0.0493389
-0.0391346	0.0737231	-0.330001
2.05249	-4.03993	-3.82506
0.0713014	-0.215691	-0.044446
-0.102708	0.0513442	-0.205871
9.91314	-6.06566	-11.4789
0.0744681	-0.26701	-0.0418861
-0.268349	0.0276193	0.00597683
7.62957	-5.0791	-10.7155
0.0796134	-0.318148	-0.0422285
-0.341423	0.0154976	0.140704
1.19471	0.291142	-6.07918
0.0851894	-0.369112	-0.0443487
-0.348882	0.0104158	0.212141
-1.17212	2.21535	-4.0231
0.0906808	-0.419911	-0.0479563
-0.34102	0.00259628	0.262534
-1.23899	1.15911	-4.09267
0.0959937	-0.470491	-0.053293
-0.325923	-0.00655958	0.303355
-1.70994	0.44693	-4.35291
0.10079	-0.520783	-0.060628
-0.290681	-0.0110871	0.326164
-2.97687	0.540587	-4.08189
0.104376	-0.570725	-0.0701217
-0.225395	-0.00856255	0.324731
-4.43524	0.929202	-3.3384
0.105838	-0.620211	-0.0818346
-0.127882	-0.000436284	0.299091
-5.44365	1.79925	-2.09801
0.104294	-0.669042	-0.0956852
-0.00768491	0.00996103	0.250438
-5.3147	3.07183	-0.478686
0.0992428	-0.716914	-0.111534
0.112957	0.0197369	0.185244
-3.6976	4.51338	1.06456
0.0908518	-0.763397	-0.129601
0.208272	0.0253647	0.126054
-0.913525	5.73791	2.47058
0.0801433	-0.80797	-0.150674
0.256627	0.0238433	0.0991154
2.09227	6.07955	4.87619
0.0689891	-0.850911	-0.174414
0.251119	0.0311623	0.0807718
3.95578	5.40862	8.72775
0.0593312	-0.896757	-0.192346
0.216882	0.0854991	-0.0501469
4.16632	6.47582	9.35048
20
0.0240631	-0.00966598	0.00444731
0	0	0
21.1118	29.1685	16.4201
-0.00341505	-0.0450213	-0.0178002
0.219031	0	-0.27755
2.80291	0	2.1559
-0.000988294	-0.0959905	-0.00964758
0.0787261	-0.00351324	-0.333741
0.538878	-0.0224996	-0.109179
-0.00188727	-0.146274	0.000210747
0.0288073	0.0175556	-0.285885
1.57602	-0.172171	-3.09718
-0.00298158	-0.196806	0.00775312
-0.0158284	0.0376965	-0.242772
-2.47689	0.868833	1.68179
-0.00495433	-0.247239	0.0151851
0.0481298	0.036678	-0.308734
-3.05604	-0.0618052	2.43817
-0.00808589	-0.297426	0.0233785
0.0392804	0.041527	-0.326827
0.34756	-2.51942	0.465043
-0.0105567	-0.347638	0.0313187
-0.0276974	0.0517301	-0.305558
2.54996	-2.94125	-0.775328
-0.0115128	-0.397976	0.0384144
-0.0965473	0.0595122	-0.259618
1.2777	-1.5052	-2.23125
-0.011456	-0.448448	0.0440529
-0.131881	0.0616269	-0.195572
2.1438	-0.386341	-2.28924
-0.00993613	-0.498977	0.0480962
-0.211829	0.0563141	-0.130967
6.08089	-0.325086	-3.83312
-0.00533762	-0.549369	0.0499707
-0.333402	0.0404469	-0.05049
6.66645	-0.461032	-4.48655
0.00267862	-0.599282	0.0490986
-0.401788	0.0223247	0.0139504
2.7959	-1.60128	-3.58682
0.0128782	-0.648596	0.0453952
-0.393395	0.016838	0.0510258
0.977857	-1.83691	-2.6103
0.0245037	-0.697214	0.0387133
-0.339221	0.0206678	0.0801847
0.185101	-1.36874	-1.71367
0.0372818	-0.744863	0.0285311
-0.242993	0.0297566	0.123578
-0.593434	-0.986407	-1.0506
0.0506218	-0.791155	0.0140522
-0.0983772	0.0445864	0.183197
-1.73818	-0.931907	-0.358624
0.0631243	-0.835967	-0.004882
0.0907301	0.073392	0.222839
-2.71695	-1.78155	1.0811
0.0725311	-0.880976	-0.0249056
0.303603	0.132114	0.180686
-3.6662	-2.72655	3.20126
0.0720859	-0.928937	-0.0392785
0.506322	0.160208	0.0720753
-4.29314	-2.69081	4.48251
