5
20
-0.0496574	0.0136837	0.0537866
0	0	0
-15.126	-0.099997	-4.18621
-0.0849775	-0.0216716	0.0522086
0.0137329	0	-0.530098
7.95484	0	0.0578165
-0.083787	-0.0720413	0.0616937
-0.144432	0.0086409	-0.48349
7.12915	-0.654643	-1.97692
-0.0801095	-0.122287	0.0707844
-0.284107	0.0163231	-0.402077
5.43166	-1.34037	-3.78916
-0.0745122	-0.172477	0.0787317
-0.370567	0.0276646	-0.286884
2.11149	-2.02718	-5.29357
-0.0680938	-0.222745	0.0849366
-0.400294	0.041674	-0.160252
-0.115849	-2.06352	-5.26684
-0.061534	-0.273114	0.0893707
-0.402937	0.0526357	-0.0506052
-1.00145	-1.64478	-4.23
-0.0552122	-0.323549	0.0923266
-0.383451	0.0613986	0.0340321
-1.94067	-1.41791	-3.23476
-0.0496153	-0.374051	0.0940643
-0.341907	0.0704015	0.0969937
-2.43962	-0.922962	-2.64837
-0.0449198	-0.424591	0.0946418
-0.300021	0.0783062	0.146548
-1.78485	-0.15741	-2.54601
-0.0407358	-0.475086	0.0937843
-0.275033	0.0843483	0.194092
-0.884857	0.651979	-2.75413
-0.0366893	-0.525427	0.090892
-0.255148	0.088462	0.247022
-0.878687	0.908811	-2.87732
-0.0331783	-0.575486	0.0852742
-0.213303	0.0917907	0.300827
-1.88571	0.648606	-2.51296
-0.0316589	-0.625131	0.0766733
-0.133554	0.0965048	0.332439
-3.17502	0.233045	-1.39375
-0.0344095	-0.674197	0.0658572
-0.0229654	0.10577	0.309158
-3.51217	-0.0624494	0.149204
-0.0438084	-0.7222	0.0544268
0.101529	0.117306	0.217459
-1.80381	-0.135317	1.3091
-0.0611537	-0.767943	0.0433852
0.229155	0.116771	0.0825415
-0.249685	-1.61634	1.97227
-0.0841024	-0.810782	0.0312279
0.292715	0.124817	-0.0218389
0.840624	-4.44895	0.923243
-0.1063	-0.853434	0.0172908
0.271365	0.177245	-0.125713
0.539146	-5.91912	0.93985
-0.12502	-0.899222	0.00982472
0.286545	0.200765	-0.284225
0.934319	-6.21496	4.1137
20
0.0686964	-0.0108562	0.0653775
0	0	0
29.0269	5.02623	26.7991
0.0507164	-0.0462115	0.0958196
-0.46156	0	-0.261065
3.78609	0	-6.9952
0.0623094	-0.0955218	0.105915
-0.320591	0.0622097	-0.0732347
-5.4499	13.7506	-6.38996
0.0712015	-0.146009	0.110557
-0.281172	0.0421369	0.00643549
-0.789284	-0.69698	-0.778813
0.0788126	-0.196689	0.112786
-0.253972	0.0509595	0.0519848
-0.684384	-1.22499	-1.3078
0.0861546	-0.247378	0.113671
-0.257673	0.0525131	0.109564
0.417109	-1.52704	-2.45155
0.0939013	-0.297946	0.113524
-0.265293	0.0511562	0.177919
-0.122869	-1.84356	-2.47494
0.101885	-0.348401	0.112507
-0.255901	0.0513779	0.236384
-1.53054	-1.00294	-1.99186
0.109613	-0.398799	0.110675
-0.226685	0.0528793	0.287776
-2.8891	-0.0580398	-1.9817
0.116504	-0.449185	0.107841
-0.177846	0.0562743	0.341321
-4.13594	1.09781	-2.30197
0.121855	-0.499566	0.103653
-0.109935	0.0598698	0.395234
-4.95934	1.68076	-2.24189
0.124893	-0.54989	0.0979795
-0.0269829	0.0642123	0.430964
-5.28061	2.37602	-1.18443
0.124772	-0.600084	0.0913267
0.0684402	0.0683137	0.421351
-5.17349	2.23228	0.499724
0.120465	-0.650018	0.0848701
0.175004	0.0705479	0.350948
-4.82259	1.44985	1.96983
0.110918	-0.699328	0.0801069
0.277677	0.0613221	0.223537
-4.04338	0.373344	2.81977
0.0957982	-0.747371	0.0786519
0.337011	0.0396445	0.0520277
-3.13412	-2.38851	3.43738
0.0763057	-0.793638	0.0822067
0.315857	0.0254691	-0.144207
-0.279867	-2.14111	3.71429
0.0550866	-0.83815	0.0919799
0.207175	0.0296785	-0.327981
3.97893	0.480911	1.60586
0.0356486	-0.881763	0.107436
0.0371139	0.0529628	-0.44734
5.63222	-0.0403986	-1.16078
0.0250843	-0.927586	0.124692
-0.149963	0.0788418	-0.468604
5.59327	-2.61293	-2.2882
20
-0.0252579	0.0177213	-0.04757
0	0	0
-25.8421	-1.75888	-4.64209
0.00523032	-0.017634	-0.0296683
-0.259878	0	0.462231
-7.00474	0	-3.76761
0.0043694	-0.0672459	-0.0444389
-0.2208	0.0570861	0.269585
-7.69584	0.245077	-1.47348
0.00357197	-0.118249	-0.051519
-0.145034	0.0709117	0.179487
-6.8074	0.750775	-5.48102
0.0015844	-0.169388	-0.0563364
-0.055764	0.0650113	0.233586
-6.47045	2.09053	-10.2047
-0.00187569	-0.220289	-0.0618755
0.0544401	0.0447589	0.339884
-4.15831	1.38058	-3.65499
-0.00694104	-0.270828	-0.0685721
0.145347	0.0347253	0.340935
-2.18259	1.66014	0.522273
-0.0131138	-0.321138	-0.0754346
0.217122	0.0239423	0.31225
-0.0566668	1.21107	1.52385
-0.0196168	-0.37134	-0.0821455
0.256321	0.0150772	0.276204
1.89038	-0.581689	1.96328
-0.0256421	-0.421586	-0.0883985
0.273437	0.00649103	0.2323
2.9756	2.36199	3.06207
-0.0309147	-0.471943	-0.0936948
0.293725	-0.0112454	0.172578
1.98432	1.70837	3.85381
-0.0358461	-0.522362	-0.0972525
0.335066	-0.0209719	0.0921188
0.225962	-0.0149202	4.4737
-0.041222	-0.572727	-0.0982367
0.391433	-0.0193615	-0.00442249
-0.940818	0.215954	4.42571
-0.0476727	-0.622826	-0.0963027
0.438744	-0.0118351	-0.0951454
-0.926055	2.38033	2.97336
-0.0553956	-0.6725	-0.0920556
0.450729	0.000270718	-0.148415
-0.428758	2.6365	0.833818
-0.0640741	-0.721857	-0.0870459
0.402387	0.0229841	-0.140873
-0.725629	-3.63235	-0.520782
-0.0723778	-0.771332	-0.0833116
0.258104	0.0668175	-0.0757842
0.623842	-6.55857	-2.07497
-0.0770448	-0.821377	-0.0822332
-0.0209688	0.106468	0.000176818
3.91993	-1.73242	-2.33288
-0.0729444	-0.871422	-0.0828607
-0.396188	0.0769485	0.0160793
4.37701	3.5679	-0.424445
-0.0577982	-0.919193	-0.0825328
-0.654235	-0.00772248	-0.0147339
1.13766	4.98289	0.566292
20
0.064906	0.0214797	-0.0728622
0	0	0
19.5226	1.2364	-10.0142
0.0978195	-0.0138757	-0.059951
-0.124994	0	0.330734
-3.32475	0	-1.20878
0.103203	-0.0648844	-0.0658962
-0.0844603	-0.0187158	0.352157
-3.08415	-1.64192	-0.709996
0.107901	-0.115839	-0.0722027
-0.0380031	-0.0324874	0.361363
-3.63756	-3.46624	-0.6188
0.111655	-0.166768	-0.0788075
0.0163916	-0.0403922	0.359408
-4.6763	-5.23632	-0.784584
0.114053	-0.217687	-0.0857095
0.0836999	-0.0421901	0.346483
-6.07941	-6.31512	-1.01017
0.114608	-0.26857	-0.0929283
0.165263	-0.0381682	0.321948
-6.85725	-6.4358	-0.302601
0.113116	-0.319386	-0.100193
0.240871	-0.0278917	0.27159
-5.75205	-5.16761	1.63071
0.10993	-0.370146	-0.106993
0.283864	-0.0143941	0.197963
-3.44576	-2.17994	3.01859
0.105611	-0.420853	-0.113121
0.294559	-0.00486047	0.131599
-1.65543	1.39089	2.64476
0.100488	-0.471443	-0.118916
0.289059	-0.00432898	0.101803
-0.636912	3.62243	1.20025
0.0947495	-0.521823	-0.125037
0.268726	-0.0101234	0.118459
0.409144	4.20098	0.113307
0.088774	-0.571944	-0.132013
0.222016	-0.0172445	0.171172
1.6245	3.84177	0.321059
0.0831588	-0.621882	-0.139699
0.143065	-0.0200579	0.226746
2.48803	2.77412	2.11999
0.0784699	-0.671901	-0.146657
0.039338	-0.0090649	0.227661
2.7076	2.44344	5.33682
0.0748661	-0.722271	-0.149839
-0.0651397	0.0107356	0.119063
2.08307	3.415	8.14022
0.0716973	-0.77243	-0.14517
-0.134199	0.00171062	-0.110003
1.13077	5.93766	7.62146
0.0677095	-0.820039	-0.129252
-0.1519	-0.0905269	-0.403002
0.920541	6.68924	2.91951
0.0626831	-0.862167	-0.102341
-0.153698	-0.241633	-0.640718
1.57368	4.56893	-3.14742
0.0608246	-0.902867	-0.0731432
-0.205094	-0.278731	-0.699975
1.72379	3.81323	-7.75943
20
0.0240631	-0.00966598	0.00444731
0	0	0
28.2236	5.38244	62.1049
0.0139918	-0.0450213	0.0383379
-0.34015	0	-0.0964716
0.922227	0	-3.41356
0.0184365	-0.0961285	0.0354513
-0.413081	-0.0183005	0.0821276
-6.30312	-1.40051	-2.52052
0.0240339	-0.146976	0.0330497
-0.272291	-0.00441419	0.192226
-6.75897	-2.16933	0.153381
0.029231	-0.197742	0.030027
-0.270961	-0.000321686	0.195007
1.60192	1.57865	4.46361
0.0358525	-0.248302	0.0279177
-0.337675	-0.0122971	0.17639
1.45949	0.821128	1.18476
0.0433426	-0.298662	0.0260897
-0.350114	-0.0186112	0.213529
-1.22227	-1.9014	-0.730034
0.050408	-0.348988	0.0237339
-0.318517	-0.0174788	0.269276
-2.34174	-2.70393	-1.28839
0.0566601	-0.399318	0.0205474
-0.282777	-0.0197488	0.334149
-2.08806	-3.0428	-1.82358
0.0620807	-0.449599	0.0161931
-0.247436	-0.0241728	0.402596
-2.29093	-4.1004	-2.2839
0.0661506	-0.49981	0.0104421
-0.191088	-0.02494	0.462338
-3.65959	-3.91999	-2.18176
0.067734	-0.549939	0.00335552
-0.10121	-0.0252232	0.496295
-4.9578	-2.50967	-1.22198
0.0657126	-0.599883	-0.00451324
0.00957539	-0.0300751	0.484813
-4.79257	-0.794764	0.462893
0.0595969	-0.649495	-0.0119691
0.119198	-0.0399984	0.410232
-3.1603	0.275728	2.16623
0.0495901	-0.698665	-0.0173934
0.215572	-0.0575904	0.270455
-1.30225	-0.286653	3.02358
0.0364325	-0.747275	-0.0193322
0.290429	-0.0860201	0.087725
-0.165164	-1.62897	3.28492
0.0214426	-0.795232	-0.0166581
0.319646	-0.116199	-0.102597
0.586083	-1.61933	3.31928
0.00527347	-0.84189	-0.00746628
0.299847	-0.146759	-0.285619
1.09829	-0.318158	2.33973
-0.0140243	-0.884872	0.00969065
0.26694	-0.184069	-0.429303
3.05356	-0.878806	-0.623222
-0.0317714	-0.927147	0.0298194
0.0912335	-0.13088	-0.478323
7.29916	-2.77241	-2.64015
