5
20
-0.0496574	0.0136837	0.0537866
0	0	0
-14.3841	-2.98466	-4.80856
-0.0846527	-0.0216716	0.0588198
-0.0853181	0	-0.523369
7.82371	0	-1.42634
-0.0815409	-0.0721778	0.067596
-0.231497	0.0109649	-0.451513
6.64716	0.575146	-3.44556
-0.0762415	-0.122551	0.0755537
-0.342285	0.023048	-0.346606
3.29568	0.392005	-5.38337
-0.0697787	-0.172919	0.0819754
-0.384877	0.0409236	-0.216446
-0.191724	0.128405	-5.98257
-0.063113	-0.223369	0.0866147
-0.392877	0.0565972	-0.0962644
-1.20086	0.249902	-4.82164
-0.0565681	-0.273865	0.0897491
-0.386817	0.0674719	-0.0016907
-1.81786	0.0820914	-3.47905
-0.0505488	-0.324403	0.091708
-0.355663	0.0767286	0.0709578
-2.67255	-0.603139	-2.57154
-0.0454951	-0.374996	0.0926923
-0.31107	0.0844787	0.127747
-2.4421	-1.34479	-2.2113
-0.0412742	-0.425601	0.092652
-0.280577	0.0893808	0.177924
-1.18636	-1.97887	-2.48481
-0.0373459	-0.476139	0.0911811
-0.266838	0.0925551	0.230473
-0.359128	-2.61163	-3.16134
-0.0335544	-0.526518	0.0876141
-0.244318	0.0958782	0.287307
-0.914962	-3.03149	-3.76775
-0.0306391	-0.57663	0.0813452
-0.185864	0.100917	0.33734
-2.74059	-3.43797	-3.63481
-0.0302099	-0.626362	0.0724224
-0.0845968	0.109903	0.353264
-5.12835	-2.81887	-1.96876
-0.0343848	-0.675568	0.0619985
0.0379599	0.121104	0.307586
-6.80694	-2.05457	0.449544
-0.0452559	-0.72372	0.0517831
0.148608	0.131564	0.202296
-5.93298	-0.544685	1.6826
-0.0640671	-0.769485	0.0424656
0.246032	0.131364	0.0630508
-2.33902	0.0768249	0.991503
-0.0876422	-0.812546	0.0315651
0.258904	0.159215	-0.0332697
4.25651	-2.17573	0.465501
-0.109617	-0.855904	0.0189643
0.249395	0.208671	-0.155916
2.68655	0.992293	4.54264
-0.128491	-0.902028	0.0136565
0.251411	0.232733	-0.344365
5.72648	3.83667	5.55119
20
0.0686964	-0.0108562	0.0653775
0	0	0
34.3839	8.64259	31.5345
0.0554675	-0.0462115	0.0981647
-0.329511	0	-0.128183
1.24097	0	-3.31044
0.0662292	-0.0959455	0.106605
-0.315037	0.0258341	-0.0374269
-0.890142	0.109877	-2.70911
0.0746392	-0.146562	0.110415
-0.261339	0.0446266	0.0215796
-2.38714	1.07542	-1.91373
0.081948	-0.19737	0.112035
-0.247329	0.0511806	0.0757764
-0.0630096	1.94531	-2.63051
0.0893994	-0.248084	0.112142
-0.261361	0.0511315	0.142122
0.0182586	2.21116	-2.62319
0.0971935	-0.29864	0.111153
-0.25729	0.0510814	0.2059
-1.27657	1.53171	-1.85998
0.104977	-0.349081	0.109434
-0.232473	0.0538776	0.258546
-2.41097	1.27009	-1.48359
0.112263	-0.399475	0.106956
-0.18901	0.0556796	0.311651
-3.29952	0.337237	-1.79538
0.11847	-0.449864	0.103429
-0.126486	0.0568988	0.370426
-4.16951	-0.482884	-2.23745
0.122919	-0.50025	0.0985724
-0.0482415	0.0552299	0.422952
-4.8582	-0.573527	-1.98765
0.124897	-0.550587	0.092523
0.0399136	0.0522132	0.44392
-5.34207	-2.04185	-0.866977
0.123585	-0.600821	0.0861014
0.136508	0.0541933	0.411488
-5.64331	0.546919	1.34764
0.117971	-0.650795	0.0806201
0.23774	0.0482028	0.320956
-4.87029	3.12083	2.97501
0.107208	-0.700021	0.0774988
0.321872	0.0324839	0.184271
-3.29286	2.35511	3.35907
0.0914599	-0.747864	0.0782044
0.352908	0.0212661	0.0131756
-1.14901	0.676117	3.25495
0.0723968	-0.793999	0.0841972
0.30204	0.0264313	-0.176623
1.6846	0.323406	2.4106
0.0526995	-0.838586	0.0961797
0.169499	0.0480685	-0.345569
4.00922	0.632638	0.284415
0.0354819	-0.882546	0.112992
-0.0156599	0.0860659	-0.442535
3.73161	-1.82854	-0.904909
0.0273058	-0.928744	0.130403
-0.217752	0.122826	-0.441487
5.11773	-5.73635	-1.67123
20
-0.0252579	0.0177213	-0.04757
0	0	0
-23.9989	-1.75888	-3.90392
0.0080328	-0.017634	-0.0356649
-0.169165	0	0.502571
-7.5835	0	-2.39491
0.00665141	-0.0679259	-0.0478728
-0.12601	0.046369	0.278618
-7.43929	1.90103	-0.648587
0.00495482	-0.119037	-0.0541561
-0.0582808	0.0415339	0.268405
-7.04973	3.83952	-9.35853
0.0018771	-0.170033	-0.0598878
0.0235852	0.0248883	0.352946
-5.60373	3.6688	-6.34089
-0.0027971	-0.220721	-0.0662862
0.0991261	0.0135801	0.360111
-2.24084	8.43058	1.51262
-0.0088802	-0.271133	-0.0727831
0.16531	-0.00799387	0.326554
-0.971832	3.53325	1.44435
-0.0158069	-0.321298	-0.0792326
0.20857	-0.0133102	0.289894
0.877932	-0.787902	1.33484
-0.0226722	-0.371398	-0.0854552
0.225771	-0.00504298	0.248471
2.29934	-2.48011	1.77104
-0.0288827	-0.421576	-0.0911205
0.240306	0.00717403	0.197925
2.44352	-1.70913	2.7479
-0.0344857	-0.471879	-0.095628
0.275506	0.014177	0.127996
1.15657	-2.71068	3.82819
-0.0400401	-0.522257	-0.0981255
0.337853	0.0201186	0.0359182
-0.881768	-7.25983	4.81712
-0.0461883	-0.57258	-0.0978949
0.409745	0.0287015	-0.0634738
-1.74206	-6.01908	5.13181
-0.0532376	-0.62269	-0.0949122
0.459518	0.0249322	-0.138556
-1.47299	-3.26231	3.43627
-0.0610832	-0.67252	-0.0901384
0.462627	0.0180408	-0.160262
-0.671679	-2.4149	0.458169
-0.0691109	-0.722257	-0.0853534
0.396805	0.0289675	-0.120745
1.37466	-0.717661	-2.58168
-0.0754976	-0.772285	-0.0825251
0.225863	0.0572238	-0.0388446
4.41098	0.979076	-3.67917
-0.0765304	-0.822669	-0.0823785
-0.0744057	0.0717799	0.028005
6.02384	5.13613	-2.01416
-0.0677417	-0.872144	-0.0830837
-0.440751	0.0185232	0.0193694
2.67645	8.8948	0.178631
-0.0495543	-0.918828	-0.0823113
-0.664826	-0.057495	-0.0224913
-1.49226	7.11989	0.582803
20
0.064906	0.0214797	-0.0728622
0	0	0
24.0964	4.19941	-11.1907
0.0991725	-0.0138757	-0.0641555
-0.0827789	0	0.34374
-3.44634	0	-0.784397
0.104073	-0.064809	-0.0703399
-0.0471478	0.0168935	0.359372
-3.2053	-2.32055	-0.240285
0.108154	-0.115726	-0.0767608
0.00652367	0.0327109	0.369112
-4.00574	-2.91645	-0.0452963
0.111157	-0.166655	-0.0833509
0.0760707	0.0406726	0.368693
-5.29027	-1.91075	0.134179
0.11262	-0.217592	-0.0901041
0.162515	0.0355342	0.356882
-6.43321	-0.797711	0.232074
0.112115	-0.26848	-0.0969573
0.248789	0.0214691	0.317889
-5.83771	-0.390272	1.53674
0.109767	-0.319288	-0.103465
0.303047	0.00738967	0.243243
-3.61282	-0.961081	2.76422
0.106191	-0.370032	-0.109275
0.317743	-0.00431129	0.160592
-1.86279	-1.73348	2.39957
0.101837	-0.420693	-0.114617
0.312013	-0.0161351	0.106206
-1.33585	-2.79569	0.813165
0.0968367	-0.471204	-0.120137
0.297075	-0.0261479	0.096624
-0.771317	-2.26718	-0.785807
0.0914168	-0.521497	-0.126532
0.263535	-0.0348319	0.125571
0.428211	-1.46313	-1.50957
0.0861016	-0.571555	-0.134144
0.200928	-0.0407166	0.171584
1.91915	0.424765	-0.247556
0.0815283	-0.6215	-0.142392
0.110662	-0.0427234	0.195981
2.81512	2.21504	3.25563
0.0781454	-0.671661	-0.149141
0.00603776	-0.0372584	0.149317
2.55269	3.51402	7.39775
0.0758005	-0.722191	-0.150781
-0.0872997	-0.0378536	0.00541356
1.34315	6.1878	9.24757
0.073431	-0.772061	-0.143293
-0.143104	-0.080702	-0.210534
0.250024	6.59583	7.13024
0.0696636	-0.818441	-0.124054
-0.161873	-0.182329	-0.432736
0.461342	5.08268	2.10918
0.0647115	-0.858829	-0.0945907
-0.17599	-0.29964	-0.584966
1.83748	2.59044	-4.83405
0.0634922	-0.899179	-0.0648715
-0.225244	-0.317706	-0.602262
1.42754	1.87558	-7.60619
20
0.0240631	-0.00966598	0.00444731
0	0	0
16.6389	1.4943	60.0973
0.0191695	-0.0450213	0.0394623
-0.526457	0	-0.0635386
0.804663	0	-7.91311
0.0230371	-0.0959828	0.0342698
-0.27352	-0.00257469	0.110595
-13.4385	-2.68948	-0.826189
0.0270942	-0.146925	0.0307378
-0.225088	-0.00139277	0.160284
1.66293	-1.97924	5.20496
0.0327675	-0.197676	0.027876
-0.307889	-0.00862399	0.139511
3.91269	-0.931913	2.94684
0.0401534	-0.248152	0.0257595
-0.34927	-0.00907132	0.172184
-0.172353	-1.81407	-0.861089
0.0476193	-0.298527	0.0233687
-0.326601	0.00302323	0.225183
-2.80429	-1.33109	-1.14207
0.0542374	-0.348918	0.0202869
-0.287526	0.0114934	0.28601
-2.75724	-0.399082	-1.3619
0.0600676	-0.399272	0.016255
-0.256563	0.0108678	0.356741
-2.45173	1.38743	-1.50052
0.0650244	-0.449525	0.011023
-0.21536	0.0040105	0.427517
-3.10486	2.46025	-1.20884
0.0683008	-0.499677	0.00454197
-0.142206	-0.00588426	0.482529
-4.00674	1.43085	-0.736408
0.0686921	-0.549706	-0.00290307
-0.0414052	-0.0164334	0.503968
-4.34873	-0.766689	-0.131463
0.0653107	-0.599515	-0.010529
0.0633848	-0.0251398	0.474846
-3.91817	-2.6355	0.832447
0.0579249	-0.648992	-0.0169618
0.154552	-0.0303665	0.383862
-2.87643	-3.63324	2.01232
0.0468213	-0.697999	-0.0205951
0.230533	-0.0376214	0.235764
-1.1607	-2.8157	2.73236
0.0327968	-0.746329	-0.0202374
0.289962	-0.0583991	0.0511395
0.626404	-1.69852	2.59448
0.017478	-0.793929	-0.0151766
0.310528	-0.0890118	-0.139302
1.61927	-0.772283	2.13058
0.001565	-0.840132	-0.00373487
0.29204	-0.131577	-0.315094
1.80774	0.214061	0.747451
-0.0171634	-0.882662	0.0150243
0.227036	-0.158977	-0.42343
3.17523	-3.23284	-0.465992
-0.0324466	-0.925652	0.035607
0.000505031	-0.0943264	-0.44209
6.16137	-6.92034	-1.43003
