5
20
-0.0496574	0.0136837	0.0537866
0	0	0
-17.0922	-7.70473	6.28475
-0.0455035	-0.0216716	0.088897
-0.525343	0	0.0721633
-1.22964	0	-7.85828
-0.0414144	-0.0728522	0.0853983
-0.363667	0.00135949	0.121035
-11.7323	-0.368176	0.519438
-0.0407764	-0.124121	0.0821047
-0.161959	-0.0021777	0.0807661
-6.65894	0.353137	2.28261
-0.0418605	-0.175313	0.0791444
-0.0832046	-0.00972173	0.0803446
-0.449326	0.233591	-0.392647
-0.0431428	-0.226376	0.0756626
-0.0433437	-0.0165449	0.128324
-0.480799	-0.467939	-1.74951
-0.0450097	-0.277265	0.0712932
0.0430793	-0.0229793	0.187306
-3.58403	-0.423822	-0.949693
-0.0487801	-0.327923	0.066413
0.186704	-0.0343656	0.223659
-5.70071	-0.809471	0.641226
-0.0552957	-0.378236	0.0616386
0.341129	-0.0515379	0.23837
-5.32882	-1.23302	1.18729
-0.0643871	-0.428097	0.0570292
0.457995	-0.0709746	0.265895
-2.96686	-0.230845	0.183354
-0.0750914	-0.477523	0.0519202
0.504439	-0.0880499	0.328394
0.383919	0.624072	-0.952181
-0.085954	-0.526732	0.0458564
0.475632	-0.0955192	0.391788
2.86207	0.48276	-0.0819935
-0.0958302	-0.576057	0.0397357
0.405901	-0.0905732	0.397629
3.54525	-0.400147	2.33875
-0.104053	-0.625802	0.035623
0.313904	-0.076901	0.323795
3.51316	-1.34096	4.64782
-0.110042	-0.675949	0.0360211
0.201909	-0.0704428	0.181072
3.49143	-1.66943	6.04959
-0.112887	-0.725776	0.0432456
0.0630582	-0.0920037	0.00140473
3.69726	-1.09433	6.02587
-0.111318	-0.773728	0.0585298
-0.0996422	-0.150242	-0.164287
3.50632	0.0270774	3.83831
-0.104419	-0.818254	0.0808406
-0.262418	-0.220701	-0.262955
2.17822	0.724634	-0.619328
-0.0919166	-0.859712	0.10623
-0.402142	-0.258646	-0.267351
-0.382485	0.693596	-5.64156
-0.0757463	-0.902932	0.125746
-0.471652	-0.237134	-0.172212
-2.8684	1.79091	-7.12909
20
0.0686964	-0.0108562	0.0653775
0	0	0
16.6035	1.86612	49.5927
0.103287	-0.0462115	0.0726933
-0.0688314	0	0.346801
-3.47733	0	-0.644922
0.105269	-0.0974854	0.070823
0.0252394	0.00963197	0.247865
-1.34282	0.499921	7.40121
0.105361	-0.148679	0.0682697
0.0731672	0.0136787	0.178792
0.0447359	-0.00715685	2.33549
0.104641	-0.199743	0.0648765
0.115958	0.0118805	0.1695
-0.248921	-0.514315	-0.826878
0.103246	-0.250628	0.0602535
0.187854	0.00187713	0.198587
-1.92395	-1.08068	-2.26781
0.100726	-0.301268	0.0543825
0.284559	-0.00937552	0.213169
-2.6768	-0.801638	-0.362412
0.0968675	-0.351703	0.0481893
0.368537	-0.0120759	0.170816
-1.15655	0.482602	3.27274
0.0922651	-0.402117	0.0431861
0.395097	-0.00343353	0.0599324
2.04324	1.77349	6.54344
0.0882763	-0.452683	0.0410545
0.356199	0.00625305	-0.099176
2.99221	3.53746	6.65943
0.0856944	-0.503247	0.042705
0.31267	0.00201648	-0.2482
2.1641	4.43459	5.04306
0.0841015	-0.55348	0.0481667
0.292868	-0.017106	-0.364345
0.59838	2.90912	3.30363
0.0824394	-0.603123	0.0571398
0.302093	-0.0461995	-0.431935
-0.847589	-0.578413	2.24692
0.079759	-0.652045	0.0690169
0.311068	-0.0711814	-0.44186
-1.40028	-3.33051	1.41115
0.0762028	-0.700334	0.0828461
0.277113	-0.0741439	-0.396382
-0.69366	-4.05114	0.137381
0.0733203	-0.748359	0.0974925
0.174428	-0.0515896	-0.307695
0.630819	-4.1434	-1.00619
0.0736968	-0.796428	0.112066
0.00396023	-0.0236527	-0.191427
1.73389	-4.41499	-1.51001
0.0801156	-0.844231	0.125884
-0.20121	-0.0154172	-0.0565394
2.00069	-3.8758	-2.0171
0.0943776	-0.890896	0.1373
-0.38004	-0.0334818	0.0951136
0.87388	-3.02369	-2.87604
0.113249	-0.937114	0.14093
-0.453715	-0.0524667	0.237862
-0.835493	-3.25765	-3.49471
20
-0.0252579	0.0177213	-0.04757
0	0	0
-18.0293	-1.75888	-15.9985
-0.0439379	-0.017634	-0.0775876
0.149465	0	-0.0943124
0.476837	0	0.743866
-0.0473058	-0.0691374	-0.0772156
0.267656	0.0204771	-0.196543
-2.05248	-1.67549	3.72857
-0.050764	-0.120551	-0.0763546
0.230093	0.0568713	-0.171816
4.11426	1.83032	-3.18521
-0.0533563	-0.171952	-0.0763446
0.194306	0.0801753	-0.120557
1.728	0.488171	-2.05581
-0.0557552	-0.223273	-0.0766896
0.215165	0.101866	-0.135445
-1.94037	-1.1857	3.11305
-0.058933	-0.274473	-0.075952
0.269532	0.120766	-0.204741
-3.38153	-1.85949	4.84255
-0.0632487	-0.325494	-0.0739444
0.314923	0.138341	-0.221331
-2.61098	-1.52609	0.255115
-0.06837	-0.376396	-0.07223
0.312083	0.157698	-0.139767
1.13465	-0.415271	-4.52842
-0.0729497	-0.427318	-0.0722982
0.228794	0.171513	-0.0135105
4.98107	0.951654	-6.63439
-0.0753719	-0.478251	-0.0749076
0.104674	0.168163	0.1196
5.61887	1.72083	-8.17944
-0.0748618	-0.528891	-0.0806858
-0.0503456	0.15051	0.209329
8.41943	1.99853	-4.28542
-0.0699695	-0.578982	-0.0881317
-0.24192	0.132499	0.173095
8.39666	2.54789	2.13582
-0.0603816	-0.628446	-0.0944027
-0.389495	0.119626	0.0322846
4.78877	2.41874	6.8986
-0.0474638	-0.677374	-0.0969765
-0.444732	0.114123	-0.139117
1.13171	1.75844	8.56905
-0.0327532	-0.725698	-0.0944218
-0.420401	0.115375	-0.26294
-0.331358	0.934596	7.22217
-0.0166896	-0.773007	-0.0871154
-0.357282	0.135441	-0.279722
-0.64316	0.53215	3.08932
0.000739477	-0.819483	-0.0783327
-0.258865	0.202184	-0.142487
-3.10175	1.553	-2.99095
0.0173559	-0.866758	-0.0740158
-0.0749857	0.29542	0.133318
-7.5289	4.94153	-5.89352
0.025969	-0.915941	-0.0786795
0.186052	0.320187	0.370444
-8.47771	8.62718	-2.83013
20
0.064906	0.0214797	-0.0728622
0	0	0
19.8301	-6.61509	-7.54978
0.0692726	-0.0138757	-0.107947
0.527355	0	0.0556141
-0.684261	0	7.92384
0.0618956	-0.0652905	-0.112332
0.505171	-0.00744338	0.0278765
5.08086	-1.53728	3.8946
0.0556125	-0.116808	-0.116293
0.370091	-0.0114593	0.113721
10.2987	-1.50605	-5.02535
0.0514207	-0.168358	-0.121425
0.22231	-0.0250098	0.230978
9.91394	-0.707122	-0.90142
0.0495057	-0.219964	-0.12652
0.0453326	-0.0278459	0.191012
12.9347	-0.212832	11.5825
0.0506409	-0.271706	-0.128692
-0.147323	-0.0364336	-0.0148393
10.466	3.75211	17.9782
0.0542174	-0.323226	-0.126387
-0.239128	-0.0685359	-0.246809
2.30154	7.02759	13.9191
0.0583467	-0.374276	-0.120294
-0.203724	-0.103278	-0.398425
-3.08153	8.27302	6.52148
0.061747	-0.424917	-0.111861
-0.109407	-0.13573	-0.475059
-3.58278	7.83791	1.97234
0.0642498	-0.475205	-0.101979
-0.0094701	-0.167608	-0.522863
-2.49841	6.04551	0.368029
0.066081	-0.525162	-0.0910396
0.0833116	-0.194988	-0.555341
-1.86322	6.02505	-0.996598
0.0674504	-0.574855	-0.0794832
0.158911	-0.214005	-0.554488
-1.0283	3.43658	-2.12134
0.0691607	-0.624518	-0.0684513
0.161481	-0.204747	-0.466536
4.59571	-0.216632	-7.44071
0.0738542	-0.674509	-0.0608541
0.0129631	-0.181406	-0.213522
7.56638	1.38197	-11.3065
0.0833261	-0.724265	-0.0592307
-0.101511	-0.191981	0.0513836
2.98226	3.8074	-8.58248
0.0956469	-0.773169	-0.0629802
-0.130793	-0.212556	0.265903
-1.51335	4.61551	-4.94161
0.108741	-0.821147	-0.0714653
-0.104156	-0.230658	0.440576
-4.30445	4.61784	-2.14998
0.119563	-0.868466	-0.0847291
-0.00687381	-0.24071	0.5919
-6.42347	7.90728	1.425
0.12318	-0.915102	-0.102869
0.141763	-0.261392	0.693617
-4.45536	12.1786	6.07712
20
0.0240631	-0.00966598	0.00444731
0	0	0
4.85595	-22.2435	4.59091
0.0592879	-0.0450213	0.00141217
0.0347525	0	0.351854
-3.51429	0	0.391507
0.0568525	-0.0957114	-0.00658648
0.0878655	0.00330922	0.283501
-4.38991	-9.75518	0.18648
0.054304	-0.146631	-0.0123179
0.180066	0.0209712	0.236541
-5.05291	9.24036	1.69537
0.0503408	-0.197565	-0.0166928
0.298113	-0.018929	0.165168
-4.91611	10.3121	3.79124
0.0441136	-0.248211	-0.0194257
0.423992	-0.0602038	0.0743534
-6.262	-5.71876	3.40441
0.0355698	-0.298444	-0.0206688
0.522998	-0.0640616	0.00292861
-3.84135	-5.45996	2.56314
0.0258886	-0.348462	-0.0207663
0.545571	-0.0610842	-0.0478268
-0.0594849	-4.53897	1.52813
0.0165443	-0.398512	-0.0200011
0.514499	-0.0557239	-0.0755825
1.19629	-5.42958	0.288605
0.00816007	-0.448691	-0.0186316
0.467479	-0.0533276	-0.101446
3.74877	-5.82897	1.98035
0.0015099	-0.499051	-0.0159957
0.365847	-0.0548562	-0.187091
7.32163	-5.06589	5.08895
-0.00180492	-0.549531	-0.0112045
0.23591	-0.0614794	-0.256889
6.74382	-1.90572	2.18697
-0.0018033	-0.599929	-0.00535523
0.136822	-0.0644294	-0.257589
1.50659	0.883718	2.38706
-0.000676746	-0.650022	0.00207631
0.146361	-0.0721787	-0.297743
-1.51123	1.04931	2.79099
0.000237014	-0.699645	0.0118
0.116857	-0.074991	-0.285494
0.476481	-0.0535867	0.226589
0.0029111	-0.749008	0.022073
0.0117337	-0.0663067	-0.201596
2.34945	-1.83757	-1.51327
0.00926729	-0.798091	0.0316312
-0.144902	-0.0592165	-0.0787117
3.13128	-1.63001	-2.48925
0.0210348	-0.846397	0.03949
-0.327361	-0.0767007	0.0656942
1.63972	2.20955	-3.74245
0.0393864	-0.893011	0.0434635
-0.491563	-0.131443	0.234656
-2.43199	5.02282	-3.93489
0.060882	-0.938117	0.0393061
-0.548179	-0.181882	0.390694
-4.82718	4.21278	-1.99449
