5
20
-0.0496574	0.0136837	0.0537866
0	0	0
-16.5668	-7.70504	8.1999
-0.0390319	-0.0216716	0.0875075
-0.502686	0	0.168818
-2.67327	0	-7.4935
-0.0376346	-0.0729105	0.0839764
-0.207268	0.0150802	0.092671
-12.217	-0.907732	4.25845
-0.0390977	-0.124126	0.0812163
-0.107138	0.0146052	0.0620242
-1.00813	-3.16406	-0.0697651
-0.0408228	-0.175252	0.0780867
-0.0863457	0.0141044	0.0963422
0.682135	-3.74082	-2.406
-0.042649	-0.226253	0.0739375
-0.0293066	0.00903305	0.154326
-2.25081	-1.31085	-2.11335
-0.0458026	-0.277052	0.0688966
0.0992416	-0.00727475	0.196415
-5.35843	0.667306	0.0264078
-0.0514808	-0.327536	0.0636698
0.260094	-0.0344841	0.210102
-5.54421	1.5317	1.68172
-0.0598671	-0.377581	0.0587409
0.397376	-0.065753	0.221327
-3.54323	1.2816	1.17801
-0.0702557	-0.427141	0.0537155
0.480274	-0.0909716	0.265235
-0.792114	0.484355	-0.565036
-0.0813418	-0.476352	0.0477587
0.488947	-0.101004	0.339845
2.03388	-0.416487	-1.07261
-0.0917133	-0.525523	0.0409646
0.437453	-0.0932791	0.388586
3.32503	-1.27829	0.869434
-0.100687	-0.574987	0.0349216
0.362918	-0.0727969	0.363655
3.61464	-1.54409	3.61313
-0.107763	-0.624957	0.0318741
0.271034	-0.0520817	0.261771
3.67667	-0.459322	5.59181
-0.112349	-0.675184	0.0341406
0.158125	-0.0522371	0.104191
3.6048	1.67639	5.7544
-0.113445	-0.72468	0.0435987
0.0177986	-0.0915396	-0.0681951
3.09006	3.08907	3.7553
-0.109861	-0.771824	0.0608018
-0.137956	-0.164615	-0.199287
1.85732	2.41731	0.623055
-0.101016	-0.81544	0.0840681
-0.28213	-0.23238	-0.246234
0.531588	-0.140818	-1.86822
-0.086921	-0.856455	0.10922
-0.395765	-0.25488	-0.202438
-0.220205	-2.9774	-3.24076
-0.0700215	-0.8999	0.127473
-0.442787	-0.23301	-0.0948479
-0.920575	-4.72404	-4.4071
20
0.0686964	-0.0108562	0.0653775
0	0	0
17.1438	-0.473984	42.9473
0.103929	-0.0462115	0.0683234
-0.0136256	0	0.176206
-0.879765	0	-0.0619888
0.104876	-0.0975718	0.0681577
0.0388234	0.0024113	0.181221
-0.689011	0.668144	0.251519
0.104445	-0.148813	0.0661334
0.0746141	0.00346746	0.167817
-0.579425	1.41838	-0.903708
0.10316	-0.199873	0.0626782
0.12607	0.000376788	0.19098
-1.77417	2.51067	-2.96248
0.100769	-0.250663	0.0576328
0.215213	-0.00891651	0.224661
-2.48975	3.40727	-1.55102
0.0970101	-0.301173	0.0517173
0.313648	-0.017678	0.207813
-1.57433	3.57062	1.77152
0.092209	-0.35154	0.0462772
0.373809	-0.0195428	0.12219
0.932962	2.88481	4.85768
0.0874726	-0.401988	0.0428529
0.363117	-0.0171867	-0.0230971
3.06779	1.74543	6.33909
0.0840101	-0.45256	0.0427003
0.319934	-0.0249831	-0.177545
2.54478	0.148941	5.42436
0.0819149	-0.503003	0.0461088
0.288537	-0.0413987	-0.306344
1.45915	-1.1461	4.3446
0.0804737	-0.553038	0.052904
0.287688	-0.0554614	-0.39962
-0.0230169	-1.61388	3.14008
0.0786157	-0.602486	0.0626406
0.311833	-0.0592899	-0.44995
-1.05866	-1.5398	1.78016
0.0757914	-0.651319	0.0746013
0.32561	-0.0478503	-0.449891
-1.01062	-1.66106	0.400253
0.0726907	-0.699734	0.0878234
0.285969	-0.01581	-0.397834
-0.18213	-1.29222	-1.01638
0.071174	-0.748087	0.101307
0.168509	0.0261682	-0.301989
0.545578	-2.04642	-1.68861
0.0737594	-0.796458	0.114379
-0.0182464	0.0509678	-0.178321
1.14585	-4.29275	-1.39647
0.0827562	-0.844284	0.126469
-0.227009	0.0393246	-0.034201
1.85145	-5.83347	-1.13937
0.0991808	-0.890669	0.135934
-0.390199	0.00529713	0.129633
1.5145	-5.31331	-2.07997
0.118859	-0.936657	0.137738
-0.440071	-0.0118278	0.281405
-1.30114	-3.66742	-3.48612
20
-0.0252579	0.0177213	-0.04757
0	0	0
-15.5598	-1.75888	-18.5989
-0.0468413	-0.017634	-0.0755727
0.277317	0	-0.219324
2.22683	0	2.74658
-0.0505829	-0.0694169	-0.0746675
0.237916	0.0320634	-0.199533
4.68552	-1.06296	-2.68725
-0.0533837	-0.121201	-0.0744323
0.180665	0.0593182	-0.123206
3.11591	-0.578503	-4.03013
-0.055712	-0.172943	-0.0749298
0.187486	0.076681	-0.111663
-1.44459	1.79322	2.10639
-0.0585926	-0.224569	-0.0747534
0.248804	0.0869573	-0.19281
-3.37781	5.53232	6.18034
-0.0625098	-0.27598	-0.0731071
0.308938	0.0927761	-0.255573
-2.50809	7.09453	1.87461
-0.0673183	-0.327172	-0.0712202
0.334716	0.103351	-0.201185
0.199969	6.58516	-4.27809
-0.0721489	-0.37826	-0.0707913
0.279803	0.118482	-0.0731212
3.78049	5.84144	-6.66801
-0.0754987	-0.429307	-0.0725577
0.167417	0.128448	0.0750281
4.71529	5.1963	-7.79969
-0.0763306	-0.480182	-0.076899
0.0331595	0.125839	0.215078
6.6848	4.55003	-6.41429
-0.0737003	-0.530635	-0.0835265
-0.158411	0.118228	0.24481
9.17724	3.87295	-0.485733
-0.0664304	-0.580526	-0.0901383
-0.341416	0.110759	0.135931
6.83267	3.27664	4.56447
-0.0552287	-0.629847	-0.0943707
-0.441518	0.105702	-0.0555055
2.32562	2.66045	7.19731
-0.0418512	-0.678712	-0.0947072
-0.451815	0.10008	-0.243099
-0.847734	2.27412	7.42028
-0.0275363	-0.727056	-0.0907009
-0.409883	0.0950636	-0.345741
-1.52991	2.38479	5.3728
-0.012278	-0.77463	-0.083453
-0.342735	0.111856	-0.30702
-1.55261	2.5691	1.06249
0.00377833	-0.821908	-0.076754
-0.217073	0.174082	-0.0999049
-3.36439	2.53676	-3.53542
0.0178293	-0.87015	-0.0760431
0.0133485	0.237871	0.201333
-5.82739	3.36095	-4.49097
0.0231308	-0.919426	-0.0834677
0.283933	0.233745	0.40022
-6.93109	3.47106	-1.9896
20
0.064906	0.0214797	-0.0728622
0	0	0
19.9963	-4.43459	-11.7637
0.0626564	-0.0138757	-0.108146
0.528479	0	-0.0436574
0.804067	0	7.91311
0.0559866	-0.0652646	-0.112522
0.406843	-0.00178575	0.0146381
11.5728	2.58203	-3.45691
0.0516289	-0.116691	-0.118047
0.243968	-0.0244744	0.178423
8.98727	6.58247	-3.07934
0.0492644	-0.168047	-0.124258
0.0962997	-0.0444394	0.195641
10.4683	7.01962	8.7783
0.0497387	-0.21955	-0.128092
-0.10946	-0.0643546	0.0143041
10.406	7.38819	15.9801
0.0530535	-0.270942	-0.127406
-0.243887	-0.107955	-0.225414
3.59539	5.85733	13.8323
0.0572719	-0.321909	-0.122517
-0.239523	-0.151674	-0.387501
-2.4474	4.85238	7.40982
0.0606798	-0.372499	-0.114967
-0.159014	-0.185808	-0.458558
-3.52997	-0.42864	3.58196
0.0629016	-0.422779	-0.105819
-0.0695374	-0.202593	-0.495003
-2.49305	-2.87918	2.38225
0.0642257	-0.472771	-0.0954288
0.0163867	-0.21149	-0.528459
-1.60136	-1.44687	1.08806
0.0649362	-0.522507	-0.0841377
0.102255	-0.217929	-0.549799
-1.26048	0.723409	-0.645172
0.0654385	-0.572128	-0.0726883
0.155792	-0.215639	-0.520192
2.4195	0.340359	-5.15121
0.067503	-0.622018	-0.0631469
0.0767264	-0.192779	-0.348804
9.27963	-0.228877	-11.9782
0.0741625	-0.672141	-0.0588965
-0.0788499	-0.200539	-0.0729465
5.56725	4.85335	-10.2076
0.0847626	-0.721649	-0.0603901
-0.128863	-0.238973	0.149074
-0.157139	7.24802	-5.56249
0.0971763	-0.770234	-0.0665988
-0.103763	-0.28019	0.317703
-2.89622	5.77494	-2.25502
0.109742	-0.817891	-0.0770728
-0.0415418	-0.313117	0.453372
-4.23057	4.0548	-0.145371
0.119248	-0.86492	-0.0920033
0.0683439	-0.337898	0.565203
-4.48178	3.45485	1.79425
0.121154	-0.911185	-0.111188
0.188338	-0.365706	0.631103
-2.87801	3.11457	3.405
20
0.0240631	-0.00966598	0.00444731
0	0	0
5.72433	-22.2439	4.4275
0.0585395	-0.0450213	-0.00338724
0.0402391	0	0.172091
-18.6813	0	-68.2478
0.0555206	-0.0957256	-0.00998075
0.142096	0.00435582	0.28414
-4.9028	-2.43874	-0.346472
0.051735	-0.146528	-0.0151935
0.246676	0.00636766	0.220198
-5.53232	-3.78842	2.84998
0.0462519	-0.197277	-0.0185364
0.373932	0.00351166	0.117898
-6.14564	-2.93617	4.74202
0.0384343	-0.247758	-0.0201356
0.496471	-0.0114844	0.0301171
-4.71063	-1.38162	3.3607
0.0288352	-0.297897	-0.0205507
0.55439	-0.0240472	-0.0265598
-0.519306	-0.928545	1.94848
0.0190951	-0.34794	-0.0200831
0.534271	-0.024705	-0.0626101
2.05148	-0.495499	0.567622
0.0102071	-0.398055	-0.0190465
0.490829	-0.0230929	-0.0775969
3.4087	-0.753706	0.730794
0.00260183	-0.448275	-0.0172152
0.401698	-0.0176711	-0.136513
7.01818	-0.453274	4.12544
-0.0025987	-0.498605	-0.0133481
0.272842	-0.0215276	-0.245612
7.03985	-0.838899	3.63899
-0.00437174	-0.54894	-0.00786299
0.167868	-0.0278239	-0.280907
3.50161	-4.26526	1.87044
-0.00347417	-0.599188	-0.00194554
0.139037	-0.0297595	-0.302605
-2.34328	-3.79252	4.64753
-0.00259945	-0.649136	0.00597868
0.163743	-0.0412618	-0.336493
-1.10859	-1.27227	2.1424
-0.00117488	-0.698783	0.0153815
0.103678	-0.0557032	-0.285791
1.36127	-1.41175	-0.667991
0.0029213	-0.748267	0.0244858
-0.0184556	-0.0689434	-0.175397
2.40599	-1.49242	-1.91273
0.011245	-0.797309	0.0324376
-0.172615	-0.0820415	-0.0420273
1.83368	0.837481	-2.51022
0.0251831	-0.845233	0.0384405
-0.335774	-0.111822	0.108064
0.0978895	1.9365	-2.78832
0.0453879	-0.891127	0.0403105
-0.465225	-0.16658	0.275027
-1.57933	0.152261	-2.69044
0.0674699	-0.935679	0.0342975
-0.499057	-0.202987	0.415195
-3.67622	0.275278	-1.7311
