5
20
-0.0496574	0.0136837	0.0537866
0	0	0
-9.53203	-7.21092	12.2957
-0.0183318	-0.0216716	0.0701789
-0.16	0	0.315291
-3.17216	0	-1.56045
-0.0270884	-0.0724173	0.0704684
-0.136061	-0.0200324	0.320976
-1.81343	-1.96417	1.59209
-0.0304076	-0.123592	0.0670427
-0.129335	-0.0338577	0.296035
-0.525003	-3.12294	1.97763
-0.0313815	-0.174613	0.0616052
-0.102958	-0.0453893	0.284462
-2.68534	-2.49753	-0.0643057
-0.0327315	-0.225396	0.0549116
-0.00500746	-0.0573416	0.305619
-6.25636	-0.408714	-0.302096
-0.0365855	-0.275907	0.0478625
0.138377	-0.0670212	0.304244
-6.18406	1.67701	2.47809
-0.0431703	-0.326133	0.0416101
0.276639	-0.0708711	0.245253
-4.13341	3.15458	4.90715
-0.0521487	-0.376056	0.0370294
0.39759	-0.0764875	0.165231
-2.16105	3.62127	4.58688
-0.0630158	-0.425614	0.0340633
0.487675	-0.0842163	0.106246
-0.18692	2.89631	3.15858
-0.0747374	-0.474935	0.0324155
0.512051	-0.0811555	0.064695
2.14458	1.62074	2.42716
-0.085699	-0.524361	0.0322217
0.45184	-0.0621638	0.0192125
4.11458	0.651341	2.31548
-0.0944096	-0.574115	0.033935
0.335225	-0.040805	-0.0370387
4.67088	0.525972	2.06158
-0.100316	-0.624064	0.0379311
0.215938	-0.0316065	-0.0969035
3.54432	0.931245	1.42856
-0.103748	-0.673917	0.0442641
0.114104	-0.0337656	-0.145262
2.12248	1.38623	0.307043
-0.104908	-0.723496	0.0525963
0.0150693	-0.044011	-0.174764
1.22957	1.25651	-0.972194
-0.103567	-0.772674	0.0626645
-0.0844571	-0.0678959	-0.19991
0.577525	-0.955075	-1.45546
-0.0996214	-0.821139	0.0749563
-0.174145	-0.107499	-0.237388
0.195066	-3.90019	-0.87964
-0.0927195	-0.868372	0.0901762
-0.251229	-0.15138	-0.269699
0.386743	-5.70798	-0.203513
-0.0827526	-0.915147	0.104933
-0.297347	-0.173564	-0.26509
0.695338	-7.2405	-0.587606
20
0.0686964	-0.0108562	0.0653775
0	0	0
52.2349	21.9819	54.0247
0.0978768	-0.0462115	0.045415
0.203267	0	0.289296
-2.86579	0	2.06888
0.106517	-0.0969848	0.0505489
0.171489	-0.0244199	0.0803676
3.5136	3.44764	8.31826
0.107607	-0.148393	0.0539405
0.122607	-0.0337125	-0.0528453
2.40165	4.36476	4.42659
0.106349	-0.199728	0.0564518
0.159246	-0.0400113	-0.0746164
-2.14665	3.86311	-0.157845
0.102749	-0.250879	0.0576291
0.261823	-0.046637	-0.0279682
-5.16792	-6.8683	-2.30037
0.0967579	-0.301723	0.0572132
0.36338	-0.031723	0.0302917
-2.92122	-4.61122	-1.46613
0.0894189	-0.35235	0.0558101
0.39983	-0.0173024	0.0451067
1.88925	-0.0550827	2.44635
0.0822415	-0.402955	0.0550856
0.371321	-0.00210086	-0.02445
3.38534	0.66604	5.77312
0.0757614	-0.453547	0.0566494
0.361489	0.00488856	-0.108791
1.32069	1.23361	5.4554
0.0691248	-0.503928	0.0604542
0.392172	-0.00187923	-0.15183
-0.358853	0.259297	3.36882
0.0619078	-0.554022	0.0657929
0.420934	-0.0107451	-0.139485
0.395464	-0.6177	1.30473
0.0547865	-0.603948	0.0720472
0.403323	-0.00920872	-0.0981896
2.39787	0.0172996	0.0656566
0.0488929	-0.653847	0.0790379
0.332818	4.37889e-005	-0.0590189
3.39731	0.842956	-0.528404
0.0449886	-0.703736	0.0867885
0.22551	0.00831101	-0.032241
3.51502	1.39051	-0.53407
0.0438143	-0.753491	0.0955956
0.0827621	0.0100554	-0.0156063
3.67961	2.08175	-0.454003
0.0471619	-0.802644	0.106438
-0.124175	-0.0132716	-0.0279064
3.80826	2.86423	-0.535962
0.0569335	-0.850295	0.119415
-0.355723	-0.0654305	-0.0168907
2.6773	3.91509	-0.852328
0.0735927	-0.895892	0.132334
-0.54292	-0.120187	0.054312
-0.859692	3.09946	-3.82167
0.0932112	-0.941723	0.137478
-0.59918	-0.129899	0.217118
-3.87987	2.66794	-4.72398
20
-0.0252579	0.0177213	-0.04757
0	0	0
-21.871	-1.75888	-17.4994
-0.0596679	-0.017634	-0.0394491
-0.0416681	0	-0.171751
0.857115	0	-0.213981
-0.0596092	-0.0697975	-0.0431572
-0.022174	-0.00972647	-0.250275
3.65162	0.662628	6.77854
-0.0589004	-0.121912	-0.0459975
0.0122252	-0.0223633	-0.220508
0.880686	2.05508	-1.36592
-0.0579992	-0.173886	-0.0493705
0.0604095	-0.036658	-0.116204
-1.6916	0.442906	-5.63089
-0.0574684	-0.225632	-0.0542911
0.128464	-0.0508636	0.0717504
-4.76584	-1.25789	-11.0891
-0.0579406	-0.276969	-0.0618794
0.194665	-0.07483	0.313738
-5.3184	1.00424	-10.1694
-0.0595571	-0.327804	-0.0718397
0.233439	-0.0965215	0.476219
-3.70996	2.03562	-1.92334
-0.0620106	-0.378396	-0.0824206
0.235336	-0.0952986	0.507846
0.145207	2.53302	4.69
-0.0642593	-0.429033	-0.092302
0.150549	-0.0816737	0.485949
7.58008	4.38999	5.40849
-0.0641061	-0.479741	-0.101389
-0.0679283	-0.0756716	0.467283
14.462	7.22837	4.89834
-0.0593035	-0.530233	-0.109599
-0.352012	-0.0939351	0.411754
13.9138	9.32606	6.88356
-0.0496424	-0.580161	-0.115912
-0.545888	-0.119762	0.272163
6.42684	7.23114	9.19697
-0.0374018	-0.629703	-0.119015
-0.555822	-0.122644	0.0698686
-2.2128	3.47817	9.7198
-0.0257725	-0.679368	-0.118236
-0.40701	-0.106526	-0.133206
-8.11096	2.90841	8.16211
-0.0171907	-0.729317	-0.113776
-0.185553	-0.0890163	-0.282464
-9.69654	7.02685	4.52385
-0.0126025	-0.779326	-0.106694
0.0291974	-0.0780901	-0.339945
-7.20506	10.1631	-0.238929
-0.0116339	-0.829346	-0.0994084
0.195896	-0.0684091	-0.269001
-3.73216	10.5183	-4.29402
-0.0137388	-0.879528	-0.0953271
0.324212	-0.0695426	-0.113178
-1.3888	12.1983	-4.42242
-0.0205852	-0.929261	-0.0952059
0.446246	-0.0926863	-0.00801726
0.557332	13.0977	-1.91175
20
0.064906	0.0214797	-0.0728622
0	0	0
16.241	-7.14805	-8.36474
0.0627962	-0.0138757	-0.108155
0.352645	0	-0.0255078
0.299811	0	3.52502
0.0599666	-0.0657174	-0.108923
0.259998	-0.00309817	0.0226638
6.95606	0.177663	0.867485
0.0584921	-0.117539	-0.109452
0.191063	-0.0116455	0.0566967
-0.165453	1.25704	1.4541
0.0568099	-0.169274	-0.10954
0.20293	-0.0262787	0.0390899
-1.74465	2.57641	-0.225116
0.0547515	-0.220902	-0.109847
0.188875	-0.0442231	0.0668095
2.76224	4.64158	-4.64458
0.0534698	-0.272421	-0.111412
0.128145	-0.0666714	0.129884
6.33731	5.20511	-7.4908
0.0539588	-0.323798	-0.11393
0.0285128	-0.0906908	0.180997
8.48369	2.53765	-5.09197
0.0569993	-0.375001	-0.115887
-0.111517	-0.109422	0.126059
9.48852	-2.15727	2.74431
0.0627347	-0.42591	-0.11465
-0.246819	-0.129633	-0.0778143
6.54171	-4.42068	11.8991
0.0699436	-0.476151	-0.108062
-0.2845	-0.162988	-0.384284
-0.465105	-2.13991	14.9503
0.0764421	-0.525391	-0.0959512
-0.190603	-0.20011	-0.662219
-5.59617	1.35157	8.73154
0.0807717	-0.573847	-0.0804849
-0.01283	-0.213457	-0.811433
-6.34188	4.06584	-0.973186
0.0830057	-0.622278	-0.0648602
0.145217	-0.182078	-0.788639
-3.33726	5.46461	-8.3923
0.0848974	-0.671447	-0.0522533
0.179652	-0.11741	-0.606355
1.34128	5.85292	-11.331
0.0892989	-0.721374	-0.0450084
0.0802356	-0.0702489	-0.335315
3.38216	5.61495	-10.0181
0.0981212	-0.771083	-0.0439677
-0.0814778	-0.0731416	-0.0588835
2.24205	5.64083	-6.66457
0.111373	-0.819391	-0.0492029
-0.223877	-0.117473	0.205412
-0.528375	6.21355	-3.11116
0.12623	-0.865753	-0.0616038
-0.238837	-0.173999	0.484409
-3.89989	6.96705	-0.251955
0.135185	-0.910862	-0.0815087
-0.0836182	-0.212646	0.678232
-6.30702	7.60174	3.28014
20
0.0240631	-0.00966598	0.00444731
0	0	0
7.79887	-14.9545	-17.5328
0.0444627	-0.0450213	0.0333239
-0.286204	0	0.207597
-2.11179	0	-2.83599
0.0372542	-0.0917505	0.0132402
-0.225035	-0.0250107	0.246487
0.754669	-1.41034	-1.39678
0.0361526	-0.141273	0.000470736
-0.213505	-0.0225886	0.23209
-0.130237	-2.50496	1.38798
0.0370989	-0.191691	-0.00758642
-0.179964	-0.0212675	0.220175
-2.49606	-2.79987	0.977962
0.0379228	-0.242313	-0.013768
-0.0944462	-0.0217766	0.225601
-5.54572	-3.1341	0.14878
0.0370074	-0.292949	-0.0193223
0.0382123	-0.027468	0.241365
-7.8254	-4.05644	2.87843
0.0333741	-0.343461	-0.0243413
0.186737	-0.0328535	0.189306
-7.64351	-4.38425	6.87371
0.027139	-0.393779	-0.0279894
0.316193	-0.039148	0.0802095
-5.21902	-3.7025	9.31956
0.0192072	-0.443917	-0.0293397
0.395844	-0.0462041	-0.0749872
-1.97595	-2.0947	8.16507
0.010749	-0.493911	-0.0277145
0.424206	-0.0592135	-0.192345
0.998267	-1.7214	4.46003
0.00268809	-0.543788	-0.0237453
0.409276	-0.0723593	-0.246559
2.29515	-1.38871	2.18622
-0.00406035	-0.593658	-0.0184393
0.359166	-0.0745717	-0.248419
3.23505	0.472828	0.36688
-0.00854033	-0.643578	-0.0123384
0.274696	-0.0622791	-0.228254
3.05873	2.60156	-0.452299
-0.0101606	-0.693408	-0.00514657
0.161377	-0.0484593	-0.215158
2.06098	1.55516	-0.392088
-0.00878461	-0.742957	0.00328013
0.0337962	-0.0405428	-0.192299
1.2016	-1.02308	-0.353906
-0.00405286	-0.792123	0.0122841
-0.108486	-0.036849	-0.135061
0.550984	-2.24184	-0.902279
0.00636402	-0.840083	0.0225685
-0.296484	-0.0603355	-0.0810391
0.767162	-2.98367	-0.446561
0.02468	-0.885513	0.0330231
-0.479381	-0.107126	0.0117682
0.342322	-3.71894	-2.13247
0.0467547	-0.930296	0.0362932
-0.542152	-0.121601	0.166994
-1.02609	-4.25499	-3.63898
